$ANSIBLE_VAULT;1.1;AES256
32616662393337363338373333663565626535326465326664393661633233303262346161643437
3337386135333166396262343762396632386330323266300a636438363432646630663137383763
62343838626662343439353564343633326334323366366233373039613133623463373335396337
3439393166363233380a636437343833623432316662376566343266303835623438626264346335
61313132356139616636373637323739306337326439373335336536366539633438316538343031
63663532396565313162376331646361653366663937633839643032313435373661333634343265
62616133336437393666663831623231383433643466393963356164323766633764666663336663
37613937663161343331323332613162623332346661393163376130613435333462663837333935
33656137303936616131333833366635613266373066343535613936643964626132376134613731
62633634386439663931663161633961633964303034653636623835386539623664303564383764
61303038653562653562663362323363636538636132366365653061336136363836363135613533
63316466343364313762346465326133393832643564633664326266383265376262333634653937
35323565623334346234356563393163653933363233363831323033663836643432373364373637
30643632643834383033633462313362313834383066326133373461613430376531343633646563
31373864363136306238643036313964323230343830383362666234653663623838623237393135
65366435303461646538
