$ANSIBLE_VAULT;1.1;AES256
64613538623232656264386566306231633333656261653737336335323164636165383963363832
3066353333643035343561636662353031303133356266320a653065613135613564363930653736
30343864613565663435386534316137363735653031666531623538346162326236363665643939
6363373735396463370a323839616263663931666161313637363431306138653031323333646638
64393439303666633339633463633862636563653364626565303131336464663835643137336165
37646136323430303964663939323962343437323562353962303032613136393232313362303830
34643532343834613531333739623332333033653733343237663433353734303266336266383535
30373461353032633362393536386131353332353632396630373966373032643664376134343535
31316637326133633133363864646230306464336664393438653731386238653232333032626364
61366439376139396561643164633831396230363865326665316133613664376235613837616165
63356236306435623964373734313032373966383636646237613133396438646166626361633131
33396431386666653333643265613734343465343632616665646139326231396234343564373566
32346562373364383962633736666262343639383235353164633965613736633062383132373738
65386639646539633831613631386565356162326136326132653335616234653437623336616330
36346664633863333039623530393631323363626134643261613337346565376230386663313132
61346366656163303166636564653636393231613337303237366361643136613062363332366562
61356165306638306433656136353537326535356164306533393338363462623265653562316439
34313365343063373632376666386466663562643062306336353039626530636536636536326235
64646135623263383832343738313365653561376639353865323033313536386333353936353235
66663739663233363362663265323662346563303935326264643661386235616532346137346330
39323830343932623136323732383961353166623561326461613233656563623937396366656137
31346162326333343633636664663237386363656362333538663830393965383535363061646663
65313939323732643932626561666336336165383066366366353134343630663835656364366562
65636231383035343439316636333938343363323732363961383165323663663439623163656334
35643731316361383164343664383431623863653034326339393930666639306132
